1, 0 0 0;
2, 0 0 0;
3, 0 0 0;
4, 0 0 0;
5, 0 0 0;
6, 0 3 1;
7, 0 10 11;
8, 0 7 13;
9, 0 3 17;
10, 10 0 21;
11, 27 0 24;
12, 29 0 17;
13, 35 0 0;
14, 39 20 0;
15, 43 43 0;
16, 25 47 0;
17, 0 53 7;
18, 0 57 30;
19, 0 54 61;
20, 0 33 65;
21, 0 0 69;
22, 49 0 75;
23, 79 0 71;
24, 81 0 36;
25, 87 10 0;
26, 91 57 0;
27, 83 95 0;
28, 41 99 0;
29, 0 103 13;	
30, 0 107 67;
31, 0 100 113;
32, 0 51 115;
33, 12 0 121;
34, 83 0 125;
35, 129 0 115;
36, 113 0 50;
37, 137 16 0;
38, 141 89 0;
39, 129 147 0;
40, 54 151 0;
41, 0 155 20;
42, 0 159 99;
43, 0 144 163;
44, 0 65 167;
45, 21 0 171;
46, 117 0 177;
47, 181 0 153;
48, 185 0 70;
49, 189 31 0;
50, 193 131 0;
51, 168 197 0;
52, 68 201 0;
53, 0 205 32;
54, 0 211 142;
55, 0 185 215;
56, 0 80 219;
57, 33 0 233;
58, 151 0 227;
59, 231 0 195;
60, 235 0 83;
61, 239 39 0;
62, 245 167 0;
63, 206 249 0;
64, 85 253 0;
65, 2 255 42;
66, 6 255 173;
67, 10 215 255;
68, 14 97 255;
69, 53 18 255;
70, 172 24 255;
71, 255 28 220;
72, 255 32 110;
73, 255 72 36;
74, 255 186 40;
75, 219 255 44;
76, 118 255 48;
77, 52 255 84;
78, 58 255 190;
79, 62 223 255;
80, 66 131 255;
81, 97 70 255;
82, 194 74 255;
83, 255 78 227;
84, 255 82 143;
85, 255 114 86;
86, 255 203 92;
87, 228 255 96;
88, 152 255 100;
89, 104 255 127;
90, 108 255 207;
91, 112 232 255;
92, 116 164 255;
93, 140 120 255;
94, 211 126 255;
95, 255 130 236;
96, 255 134 177;
97, 255 157 138;
98, 255 219 142;
99, 237 255 146;
100, 186 255 150;
101, 154 255 169;
102, 160 255 224;
103, 164 240 255;
104, 168 198 255;
105, 184 172 255;
106, 228 176 255;
107, 255 180 244;
108, 255 184 209;